adservice,100,101,102,103,104,105,106,107,108,109,110,111,112,113,114,115,116,117,118,119,120,121,122,2,202,204,206,3,4,40,41,42,46,49,50,54,55,56,57,67,75,79,80,85,87,90,91,92,93,94,95,96,97,98,99,
checkoutservice,206,
productcatalogservice,50,54,55,56,68,
emailservice,50,54,55,56,57,68,
cartservice,206,40,41,42,50,54,55,56,57,68,
frontend,50,54,55,56,57,
currencyservice,50,54,55,56,57,
shippingservice,50,54,55,56,
recommendationservice,50,54,55,56,
paymentservice,50,54,55,56,
loadgenerator,50,54,55,56,
